export const RGB_XYZ_MATRIX = [
  [0.4124564, 0.3575761, 0.1804375],
  [0.2126729, 0.7151522, 0.072175],
  [0.0193339, 0.119192, 0.9503041],
];

export const XYZ_RGB_MATRIX = [
  [3.2404542, -1.5371385, -0.4985314],
  [-0.969266, 1.8760108, 0.041556],
  [0.0556434, -0.2040259, 1.0572252],
];

export const D65_D50_MATRIX = [
  [1.0478112, 0.0228866, -0.0501270],
  [0.0295424, 0.9904844, -0.0170491],
  [-0.0092345, 0.0150436, 0.7521316],
];

export const D50_D65_MATRIX = [
  [0.9555766, -0.0230393, 0.0631636],
  [-0.0282895, 1.0099416, 0.0210077],
  [0.0122982, -0.020483, 1.3299098],
];

export const D50 = [0.96422, 1, 0.82521];
export const D65 = [0.95047, 1, 1.08883];

export const OCT_RANGE = [0, 255];
export const DEG_RANGE = [0, 359];
export const ONE_RANGE = [0, 1];
export const BYTE_RANGE = [-128, 127];
export const CHROMA_RANGE = [0, 260];

export const HEX_RE = /^#([0-9a-f]{2})([0-9a-f]{2})([0-9a-f]{2})([0-9a-f]{2})?$/;
export const HEX_RE_S = /^#([0-9a-f])([0-9a-f])([0-9a-f])([0-9a-f])?$/;
export const CMA_RE = /\(\s*([0-9a-z.%+-]+)\s*,\s*([0-9a-z.%+-]+)\s*,\s*([0-9a-z.%+-]+)\s*(?:,\s*([0-9a-z.%+-]+)\s*)?\)$/;
export const WSP_RE = /\(\s*([0-9a-z.%+-]+)\s+([0-9a-z.%+-]+)\s+([0-9a-z.%+-]+)\s*(?:\s+\/\s+([0-9a-z.%+-]+)\s*)?\)$/;
